0.03125 	 0.03125 	 14.619639441447475
0.03125 	 0.0625 	 14.572711930178313
0.03125 	 0.125 	 14.572088116094017
0.03125 	 0.25 	 14.668715978661908
0.03125 	 0.5 	 14.862151207860231
0.03125 	 1 	 15.086730916306
0.03125 	 2 	 15.27800642135918
0.0625 	 0.03125 	 14.618993668255856
0.0625 	 0.0625 	 14.571995292412437
0.0625 	 0.125 	 14.571270939087736
0.0625 	 0.25 	 14.667788448199765
0.0625 	 0.5 	 14.861139933463456
0.0625 	 1 	 15.08569060664193
0.0625 	 2 	 15.277002702712661
0.125 	 0.03125 	 14.617073890823209
0.125 	 0.0625 	 14.56999495061097
0.125 	 0.125 	 14.569017458821518
0.125 	 0.25 	 14.665162537845523
0.125 	 0.5 	 14.858162581511117
0.125 	 1 	 15.082527014882958
0.125 	 2 	 15.273886122022368
0.25 	 0.03125 	 14.62253724170897
0.25 	 0.0625 	 14.573708273477049
0.25 	 0.125 	 14.569795620856274
0.25 	 0.25 	 14.662340979478358
0.25 	 0.5 	 14.852293064713052
0.25 	 1 	 15.075020186075076
0.25 	 2 	 15.266145562349438
0.5 	 0.03125 	 14.707704205632815
0.5 	 0.0625 	 14.651452592691388
0.5 	 0.125 	 14.636172749576863
0.5 	 0.25 	 14.71471073598058
0.5 	 0.5 	 14.892137120438347
0.5 	 1 	 15.106638264723017
0.5 	 2 	 15.29302047869386
1 	 0.03125 	 14.94771617481939
1 	 0.0625 	 14.871932788089435
1 	 0.125 	 14.817831533207043
1 	 0.25 	 14.834965881115632
1 	 0.5 	 14.944940390472784
1 	 1 	 15.111569056832787
1 	 2 	 15.276702697934285
2 	 0.03125 	 15.030350180840237
2 	 0.0625 	 15.076136561778172
2 	 0.125 	 15.085436404944499
2 	 0.25 	 15.081112950370336
2 	 0.5 	 15.091249430804162
2 	 1 	 15.136078063396656
2 	 2 	 15.21451852258112
4 	 0.03125 	 15.010276738064075
4 	 0.0625 	 15.141752303273687
4 	 0.125 	 15.228438421960153
4 	 0.25 	 15.287425905630215
4 	 0.5 	 15.305049273811997
4 	 1 	 15.276990701077729
4 	 2 	 15.247852065443793
8 	 0.03125 	 15.358560296047058
8 	 0.0625 	 15.52495299525084
8 	 0.125 	 15.571944429477599
8 	 0.25 	 15.559810220002324
8 	 0.5 	 15.515981610739745
8 	 1 	 15.42348724474426
8 	 2 	 15.295695561114744
16 	 0.03125 	 15.65847487596088
16 	 0.0625 	 15.800577601358787
16 	 0.125 	 15.801202572506153
16 	 0.25 	 15.718269722597825
16 	 0.5 	 15.603674880829308
16 	 1 	 15.458064826171384
16 	 2 	 15.282369879065838
