0.03125 	 0.03125 	 14.575633175098174
0.03125 	 0.0625 	 14.492685662500763
0.03125 	 0.125 	 14.430314562119545
0.03125 	 0.25 	 14.485148420414246
0.03125 	 0.5 	 14.756688858266532
0.03125 	 1 	 15.204739606145228
0.03125 	 2 	 15.661822539213302
0.03125 	 4 	 16.01202315770066
0.03125 	 8 	 16.250264637392632
0.03125 	 16 	 16.423621289010807
0.0625 	 0.03125 	 14.623594094762627
0.0625 	 0.0625 	 14.541221116227339
0.0625 	 0.125 	 14.479098915745906
0.0625 	 0.25 	 14.53270759969458
0.0625 	 0.5 	 14.80042320441986
0.0625 	 1 	 15.24270358572315
0.0625 	 2 	 15.693978631854247
0.0625 	 4 	 16.03936089049968
0.0625 	 8 	 16.273684314291287
0.0625 	 16 	 16.443650689442112
0.125 	 0.03125 	 14.629603531308746
0.125 	 0.0625 	 14.546965888149167
0.125 	 0.125 	 14.483174417317521
0.125 	 0.25 	 14.532990857733303
0.125 	 0.5 	 14.795073250384354
0.125 	 1 	 15.231879854071416
0.125 	 2 	 15.679863187424317
0.125 	 4 	 16.02466089869225
0.125 	 8 	 16.260477325185757
0.125 	 16 	 16.432828986003724
0.25 	 0.03125 	 14.572680026071163
0.25 	 0.0625 	 14.485823187568437
0.25 	 0.125 	 14.412727451087346
0.25 	 0.25 	 14.446941506094344
0.25 	 0.5 	 14.689994074118717
0.25 	 1 	 15.111138598010069
0.25 	 2 	 15.551721359029077
0.25 	 4 	 15.897904688077062
0.25 	 8 	 16.142272470188868
0.25 	 16 	 16.327476388949258
0.5 	 0.03125 	 14.642485229582656
0.5 	 0.0625 	 14.532191147368648
0.5 	 0.125 	 14.423870693297683
0.5 	 0.25 	 14.407496326753622
0.5 	 0.5 	 14.591063081182398
0.5 	 1 	 14.964704432017975
0.5 	 2 	 15.38259388148946
0.5 	 4 	 15.7262009340128
0.5 	 8 	 15.979379883257131
0.5 	 16 	 16.17888417009392
1 	 0.03125 	 14.859964268050662
1 	 0.0625 	 14.780889101004913
1 	 0.125 	 14.664808129993146
1 	 0.25 	 14.577431898742997
1 	 0.5 	 14.627768268003368
1 	 1 	 14.857941074684005
1 	 2 	 15.179807667088768
1 	 4 	 15.483549656873093
1 	 8 	 15.73317331195232
1 	 16 	 15.948350450585925
2 	 0.03125 	 15.244592512970765
2 	 0.0625 	 15.158463549154543
2 	 0.125 	 15.034229722647547
2 	 0.25 	 14.922997404110898
2 	 0.5 	 14.89758744094165
2 	 1 	 14.990948161441654
2 	 2 	 15.173013402736677
2 	 4 	 15.393538224143368
2 	 8 	 15.61759437874185
2 	 16 	 15.835608721208033
4 	 0.03125 	 15.9068567185254
4 	 0.0625 	 15.777876794444607
4 	 0.125 	 15.58645102206116
4 	 0.25 	 15.401365987752525
4 	 0.5 	 15.310969545725808
4 	 1 	 15.336268754159997
4 	 2 	 15.430108748570277
4 	 4 	 15.564476609359696
4 	 8 	 15.73892056731995
4 	 16 	 15.94131693247286
8 	 0.03125 	 16.231833479835487
8 	 0.0625 	 16.132257171819106
8 	 0.125 	 15.957323958384839
8 	 0.25 	 15.759899614020211
8 	 0.5 	 15.626164109324751
8 	 1 	 15.595652749062031
8 	 2 	 15.637904534223917
8 	 4 	 15.72887415685265
8 	 8 	 15.875522253945896
8 	 16 	 16.067113554296064
16 	 0.03125 	 16.521882347125107
16 	 0.0625 	 16.479027990957405
16 	 0.125 	 16.36967362163002
16 	 0.25 	 16.220045989187103
16 	 0.5 	 16.091387877910854
16 	 1 	 16.03147379614998
16 	 2 	 16.035958063188456
16 	 4 	 16.08590221360983
16 	 8 	 16.179120649033404
16 	 16 	 16.301801436950864
